[MAIN]
eye=1600.000000,3477.128174,160.000000
scale=14.200000
to=1600.000000,3200.000000,0.000000
